00100000000010100000000011111111
00100000000011000000000000000001
00100000000011010010000000000000
10100001101011000000000000000000
00100001101011010000000000000001
00100001010010101111111111111111
00100001100011000000000000000001
00010100000010101111111111111011
00100001100011001111111111111111
10100001101011000000000000000000
00100000000010100000000100000000
00100000000011010010000000000000
00100000000011100000000000000000
00100000000011110000000000001000
00100000000100000000000000000000
00100000000100010000000000000000
00100000000100100000000000000000
00100000000100110000000000000000
10000001101011100000000000000000
00110001110100100000000000000001
00010000000100100000000000000001
00100010001100010000000000000001
00000000000011100111000001000010
00100001111011111111111111111111
00010100000011111111111111111010
00100000000011110000000000001000
00000001111100011000000000100010
00010110001100000000000000000001
00100010011100110000000000000001
00100000000100000000000000000000
00100000000100010000000000000000
00100001101011010000000000000001
00100001010010101111111111111111
00010100000010101111111111110000
